      8008.36
      8014.20
      8016.99
      8055.52
      8084.68
      8105.92
      8112.23
      8117.54
      8266.79
      8302.61
      8379.91
      8426.96
      8497.69
      8523.78
      8608.14
      8622.84
      8637.02
      8656.76
      8670.32
      8764.13
      8783.03
      8784.60
      8786.17
      8856.30
      9077.91
      9125.47
      9151.19
      9197.20
      9227.03
      9294.13
      9356.79
      9427.96
      9536.78
      9660.43
      9787.18
      9954.61
      10054.8
      10335.6
      10472.9
      10530.8
      10676.5
      10709.7
      10776.3
      10810.0
      10815.9
      10819.5
      10825.7
      10832.4
      10841.3
      10864.0
      10870.3
      10883.9
      10888.9
      10895.3
      10898.3
      10926.4
      10953.7
      11081.9
      11088.3
      11109.5
      11130.2
      11144.2
      11396.8
      11445.0
      11470.7
      11491.2
      11583.5
      11617.3
      11671.9
      11690.8
      11722.7
      11736.4
      11745.5
      11796.8
      11860.5
      11887.7
      11899.9
      11946.6
      11947.1
      11956.4

