3478.2324
3491.2440
3561.0304
3718.2065
3729.3087
3737.889
3765.27
3850.5813
3868.5284
3891.9792
3946.0971
3994.7918
4013.8566
4033.8093
4044.4179
4052.9208
4072.3849
4079.5738
4103.9121
4131.7235
4158.5905
4181.8836
4191.0294
4199.8891
4228.158
4237.2198
4259.3619
4277.5282
4300.1008
4309.2392
4333.5612
4348.064
4370.7532
4400.9863
4448.8792
4474.7594
4481.8107
4510.7332
4545.0519
4563.7429
4579.3495
4589.8978
4596.0967
4598.7627
4609.5673
4628.4409
4637.2328
4657.9012
4702.3161
4726.8683
4764.8646
4806.0205
4847.8095
4865.9105
4879.8635
4889.0422
4904.7516
4933.2091
4965.0795
5009.3344
5017.1628
5062.0371
5090.4951
5151.3907
5162.2846
5187.7462
5421.3517
5451.6520
5495.8738
5506.1128
5558.7020
5572.5413
5606.7330
5650.7043
5739.5196
5772.1143
5802.0798
5834.2633
5860.3103
5888.5841
5912.0853
5928.8130
6032.1274
6043.2233
6059.3725
6114.9234
6145.4411
6155.2385
6172.2780
6296.8722
6307.6570
6364.8937
6369.5748
6384.7169
6416.3071
6466.5526
6483.0825
6677.2817
6752.8335
6871.2891
6937.6642
6965.4307
7030.2514
7067.2181
7147.0416
7206.9804
7272.9359
7311.7159
7353.2930
7383.9805
7503.8691
7635.1060
7723.7611
7948.1764
8103.6931
8115.311
8264.5225
8408.2096
8424.6475
8667.9442
9122.9674
9224.4992
9354.2198
9657.7863
9784.5028
10470.0535
